757
847
924
925
926
938
952
975
1031
1066
1117
1119
1122
1163
1180
1191
1193
1203
1204
1223
1233
1254
1275
1301
1308
1312
1321
1359
1376
1379
1388
1417
1421
1458
1494
1522
1533
1544
1548
1610
1615
1613
1618
1627
1628
1649
1674
1694
1711
1726
1731
1741
1764
1791
1805
1809
1818
1871
1872
1881
1913
1919
1920
1923
1946
1949
1957
1960
1969
1975
1997
2871
2585
3044
3147
4713
4811
4818
4868
4873
4923
4946
4958
5006
5041
5073
5113
5120
5190
5236
5257
5293
5297
5354
5355
5360
5365
5404
5405
5408
5465
5495
5501
5524
5538
5587
5591
5594
5643
5689
5691
5700
5753
5762
5829
5862
5894
5896
5897
5941
5960
5971
5986
6059
6145
6232
6255
6559
6581
6622
6701
6898
6907
7231
7378
7396
8981
9318
9026
9112
9122
8140
8138
